              225                1   0.00000000E+00   9.92546000E-01   722251001
  -4.30737495E-01   9.77711000E-01   6.35849626E-01   3.41800045E-01   722251002
   7.04483333E-01   9.92546000E-01  -4.29577877E-01   9.77774000E-01   722251003
   6.42115358E-01   3.42630821E-01   1.74534444E+00   9.92546000E-01   722251004
  -4.29084084E-01   9.77805000E-01   6.50871675E-01   3.44854371E-01   722251005
   3.07280556E+00   9.92546000E-01  -4.29447261E-01   9.77793000E-01   722251006
   6.61743331E-01   3.48448004E-01   4.45200000E+00   9.92546000E-01   722251007
  -4.30536792E-01   9.77743000E-01   6.72761595E-01   3.52727551E-01   722251008
   0.00000000E+00   0.00000000E+00   0.00000000E+00   0.00000000E+00   722251009
   0.00000000E+00   0.00000000E+00   0.00000000E+00   0.00000000E+00   722251010
   0.00000000E+00   0.00000000E+00   0.00000000E+00   0.00000000E+00   722251011
   0.00000000E+00   0.00000000E+00   0.00000000E+00   0.00000000E+00   722251012
   0.00000000E+00   0.00000000E+00   0.00000000E+00   0.00000000E+00   722251013
   0.00000000E+00   0.00000000E+00   0.00000000E+00   0.00000000E+00   722251014
   0.00000000E+00   0.00000000E+00   0.00000000E+00   0.00000000E+00   722251015
   0.00000000E+00   0.00000000E+00   0.00000000E+00   0.00000000E+00   722251016
   0.00000000E+00   0.00000000E+00   0.00000000E+00   0.00000000E+00   722251017
   0.00000000E+00   0.00000000E+00   0.00000000E+00   0.00000000E+00   722251018
   0.00000000E+00   0.00000000E+00   0.00000000E+00   0.00000000E+00   722251019
   0.00000000E+00   0.00000000E+00   0.00000000E+00   0.00000000E+00   722251020
   0.00000000E+00   0.00000000E+00   0.00000000E+00   0.00000000E+00   722251021
   0.00000000E+00   0.00000000E+00   0.00000000E+00   0.00000000E+00   722251022
   0.00000000E+00   0.00000000E+00   0.00000000E+00   0.00000000E+00   722251023
              225                2   0.00000000E+00   9.92546000E-01   722252024
  -4.31052886E-01   9.77698000E-01   6.48594021E-01   3.45775905E-01   722252025
   7.04483333E-01   9.92546000E-01  -4.29714865E-01   9.77769000E-01   722252026
   6.54908622E-01   3.46521160E-01   1.74534444E+00   9.92546000E-01   722252027
  -4.29173285E-01   9.77802000E-01   6.63691119E-01   3.48685369E-01   722252028
   3.07280556E+00   9.92546000E-01  -4.29612921E-01   9.77786000E-01   722252029
   6.74569756E-01   3.52252822E-01   4.45200000E+00   9.92546000E-01   722252030
  -4.30906341E-01   9.77727000E-01   6.85565330E-01   3.56541096E-01   722252031
   0.00000000E+00   0.00000000E+00   0.00000000E+00   0.00000000E+00   722252032
   0.00000000E+00   0.00000000E+00   0.00000000E+00   0.00000000E+00   722252033
   0.00000000E+00   0.00000000E+00   0.00000000E+00   0.00000000E+00   722252034
   0.00000000E+00   0.00000000E+00   0.00000000E+00   0.00000000E+00   722252035
   0.00000000E+00   0.00000000E+00   0.00000000E+00   0.00000000E+00   722252036
   0.00000000E+00   0.00000000E+00   0.00000000E+00   0.00000000E+00   722252037
   0.00000000E+00   0.00000000E+00   0.00000000E+00   0.00000000E+00   722252038
   0.00000000E+00   0.00000000E+00   0.00000000E+00   0.00000000E+00   722252039
   0.00000000E+00   0.00000000E+00   0.00000000E+00   0.00000000E+00   722252040
   0.00000000E+00   0.00000000E+00   0.00000000E+00   0.00000000E+00   722252041
   0.00000000E+00   0.00000000E+00   0.00000000E+00   0.00000000E+00   722252042
   0.00000000E+00   0.00000000E+00   0.00000000E+00   0.00000000E+00   722252043
   0.00000000E+00   0.00000000E+00   0.00000000E+00   0.00000000E+00   722252044
   0.00000000E+00   0.00000000E+00   0.00000000E+00   0.00000000E+00   722252045
   0.00000000E+00   0.00000000E+00   0.00000000E+00   0.00000000E+00   722252046
              225                1   2.22705833E+00   1.02371938E+00   722251461
   2.26562936E-01   2.48721636E-01   1.02605699E+00   8.55577778E-02   722251462
   1.88325000E-01   1.38888889E-02   2.39239410E+00   1.48380120E+06   722251463
   1.94162428E-03   2.02213889E-01   0.00000000E+00   0.00000000E+00   722251464
              225                2   3.69516667E+00   9.88533544E-01   722252465
   2.08970017E-01   2.64961924E-01   1.02606177E+00   8.37783333E-02   722252466
   2.01113889E-01   2.77777778E-04   2.39239410E+00   1.48380120E+06   722252467
   1.94162428E-03   1.88602778E-01   0.00000000E+00   0.00000000E+00   722252468
              225   1.20108333E+01   1.05755433E+00   2.62516145E-01   722250541
   0.00000000E+00   0.00000000E+00   0.00000000E+00   0.00000000E+00   722250542
   1.02474722E+00   2.56224444E+00   4.45200000E+00   1.25676447E+00   722250543
   2.27138894E-01  -1.46373958E-02   8.80349311E-02  -1.01763342E-01   722250544
   0.00000000E+00   1.02474722E+00   1.46238695E+00   2.12493836E-01   722250545
   1.52716833E-01  -3.37907960E-01   1.79943446E-01   1.02474722E+00   722250546
   1.53749722E+00   1.66735318E+00   2.28056937E-01  -2.12987765E-02   722250547
   1.05777076E-02   6.82734406E-04   2.56224444E+00   1.88976111E+00   722250548
