              188                1   0.00000000E+00   9.92546000E-01   731881001
  -4.97192517E-01   9.74201000E-01   1.03382135E+00   4.13393451E-01   731881002
   5.26622222E-01   9.92546000E-01  -4.95924583E-01   9.74269000E-01   731881003
   1.03787924E+00   4.15187649E-01   1.49385000E+00   9.92546000E-01   731881004
  -4.95332031E-01   9.74305000E-01   1.04624984E+00   4.16662452E-01   731881005
   2.82527778E+00   9.92546000E-01  -4.51250625E-01   9.76602000E-01   731881006
   1.02811587E+00   4.17545589E-01   4.38569444E+00   9.92546000E-01   731881007
  -4.52308298E-01   9.76554000E-01   1.04193887E+00   4.19753430E-01   731881008
   0.00000000E+00   0.00000000E+00   0.00000000E+00   0.00000000E+00   731881009
   0.00000000E+00   0.00000000E+00   0.00000000E+00   0.00000000E+00   731881010
   0.00000000E+00   0.00000000E+00   0.00000000E+00   0.00000000E+00   731881011
   0.00000000E+00   0.00000000E+00   0.00000000E+00   0.00000000E+00   731881012
   0.00000000E+00   0.00000000E+00   0.00000000E+00   0.00000000E+00   731881013
   0.00000000E+00   0.00000000E+00   0.00000000E+00   0.00000000E+00   731881014
   0.00000000E+00   0.00000000E+00   0.00000000E+00   0.00000000E+00   731881015
   0.00000000E+00   0.00000000E+00   0.00000000E+00   0.00000000E+00   731881016
   0.00000000E+00   0.00000000E+00   0.00000000E+00   0.00000000E+00   731881017
   0.00000000E+00   0.00000000E+00   0.00000000E+00   0.00000000E+00   731881018
   0.00000000E+00   0.00000000E+00   0.00000000E+00   0.00000000E+00   731881019
   0.00000000E+00   0.00000000E+00   0.00000000E+00   0.00000000E+00   731881020
   0.00000000E+00   0.00000000E+00   0.00000000E+00   0.00000000E+00   731881021
   0.00000000E+00   0.00000000E+00   0.00000000E+00   0.00000000E+00   731881022
   0.00000000E+00   0.00000000E+00   0.00000000E+00   0.00000000E+00   731881023
              188                2   0.00000000E+00   9.92546000E-01   731882024
  -4.97456935E-01   9.74192000E-01   1.04774384E+00   4.14791459E-01   731882025
   5.26622222E-01   9.92546000E-01  -4.95962812E-01   9.74270000E-01   731882026
   1.05176159E+00   4.16625800E-01   1.49385000E+00   9.92546000E-01   731882027
  -4.95300174E-01   9.74308000E-01   1.06012171E+00   4.18083150E-01   731882028
   2.82527778E+00   9.92546000E-01  -4.51212396E-01   9.76606000E-01   731882029
   1.04193189E+00   4.19290918E-01   4.38569444E+00   9.92546000E-01   731882030
  -4.52505816E-01   9.76548000E-01   1.05574268E+00   4.21470834E-01   731882031
   0.00000000E+00   0.00000000E+00   0.00000000E+00   0.00000000E+00   731882032
   0.00000000E+00   0.00000000E+00   0.00000000E+00   0.00000000E+00   731882033
   0.00000000E+00   0.00000000E+00   0.00000000E+00   0.00000000E+00   731882034
   0.00000000E+00   0.00000000E+00   0.00000000E+00   0.00000000E+00   731882035
   0.00000000E+00   0.00000000E+00   0.00000000E+00   0.00000000E+00   731882036
   0.00000000E+00   0.00000000E+00   0.00000000E+00   0.00000000E+00   731882037
   0.00000000E+00   0.00000000E+00   0.00000000E+00   0.00000000E+00   731882038
   0.00000000E+00   0.00000000E+00   0.00000000E+00   0.00000000E+00   731882039
   0.00000000E+00   0.00000000E+00   0.00000000E+00   0.00000000E+00   731882040
   0.00000000E+00   0.00000000E+00   0.00000000E+00   0.00000000E+00   731882041
   0.00000000E+00   0.00000000E+00   0.00000000E+00   0.00000000E+00   731882042
   0.00000000E+00   0.00000000E+00   0.00000000E+00   0.00000000E+00   731882043
   0.00000000E+00   0.00000000E+00   0.00000000E+00   0.00000000E+00   731882044
   0.00000000E+00   0.00000000E+00   0.00000000E+00   0.00000000E+00   731882045
   0.00000000E+00   0.00000000E+00   0.00000000E+00   0.00000000E+00   731882046
              188                1   2.27523333E+00   1.02081515E+00   731881461
   2.26644966E-01   2.43855658E-01   1.02902463E+00   8.52847222E-02   731881462
   1.88379167E-01   1.38888889E-02   2.39239410E+00   1.48380120E+06   731881463
   1.94162428E-03   2.02268056E-01   0.00000000E+00   0.00000000E+00   731881464
              188                2   3.75047222E+00   9.74841436E-01   731882465
   2.03660725E-01   2.65888694E-01   1.02903419E+00   8.36388889E-02   731882466
   2.01170556E-01   2.77777778E-04   2.39239410E+00   1.48380120E+06   731882467
   1.94162428E-03   1.88656944E-01   0.00000000E+00   0.00000000E+00   731882468
              188   1.52750278E+01   1.29101830E+00   2.62516145E-01   731880541
   0.00000000E+00   0.00000000E+00   0.00000000E+00   0.00000000E+00   731880542
   8.24230556E-01   2.31318611E+00   4.38569444E+00   1.25721826E+00   731880543
   2.27748014E-01   8.16992114E-02  -6.80203679E-02  -4.67858195E-02   731880544
   0.00000000E+00   8.24230556E-01   1.46238695E+00   2.19550203E-01   731880545
   1.87432654E-01  -4.37995612E-01   2.39508043E-01   8.24230556E-01   731880546
   1.48895556E+00   1.66698142E+00   2.65941054E-01  -1.16936362E-01   731880547
   9.29270890E-02  -2.28789976E-02   2.31318611E+00   2.07252222E+00   731880548
