              241                1  8.300000000E+01                P 732411083P1
 -1.717482684E+01  1.690636612E+02  6.003567785E+01  2.830557590E+00 732411083P2
 -1.717482684E+01  1.690636612E+02  6.003567785E+01                  732411083P3
  7.328621279E+00  0.000000000E+00  1.384179677E+02  3.468988327E+01 732411083P4
 -8.700000000E+01  3.159274000E+01  2.910788000E+01  9.371235205E+02 732411083P5
 -6.554596671E+00  2.945809346E+03  8.085832961E+01  0.000000000E+00 732411083P6
  8.876592494E+01  8.876592494E+01  8.876592494E+01                  732411083P7
 -1.717482684E+01  1.690636612E+02  6.003567785E+01                  732411083P8
              241                1  9.000000000E+01                P 732411090P1
 -1.719356781E+01  1.690687167E+02  6.003743327E+01  2.786319897E+00 732411090P2
 -1.719356781E+01  1.690687167E+02  6.003743327E+01                  732411090P3
  7.139862599E+00  0.000000000E+00  1.384181487E+02  3.468990104E+01 732411090P4
 -8.700000000E+01  3.159274000E+01  2.910788000E+01  9.371235205E+02 732411090P5
 -7.424828577E+00  2.950025931E+03  8.008362067E+01  0.000000000E+00 732411090P6
  8.957029778E+01  8.957029778E+01  8.957029778E+01                  732411090P7
 -1.719356781E+01  1.690687167E+02  6.003743327E+01                  732411090P8
              241                1  9.900000000E+01                P 732411099P1
 -1.731431545E+01  1.692860585E+02  6.003643805E+01  2.718616019E+00 732411099P2
 -1.731431545E+01  1.692860585E+02  6.003643805E+01                  732411099P3
  7.527979698E+00  0.000000000E+00  1.384196222E+02  3.469112905E+01 732411099P4
 -8.700000000E+01  3.159274000E+01  2.910788000E+01  9.371235205E+02 732411099P5
 -8.069733119E+00  2.975488457E+03  7.886878065E+01  0.000000000E+00 732411099P6
  9.082192343E+01  9.082192343E+01  9.082192343E+01                  732411099P7
 -1.731431545E+01  1.692860585E+02  6.003643805E+01                  732411099P8
              241                1  1.080000000E+02                P 732411108P1
 -1.751639832E+01  1.696869376E+02  6.003475312E+01  2.651120847E+00 732411108P2
 -1.751639832E+01  1.696869376E+02  6.003475312E+01                  732411108P3
  8.505544449E+00  0.000000000E+00  1.384221512E+02  3.469340475E+01 732411108P4
 -8.700000000E+01  3.159274000E+01  2.910788000E+01  9.371235205E+02 732411108P5
 -8.757818134E+00  2.996581352E+03  7.761748746E+01  0.000000000E+00 732411108P6
  9.211330975E+01  9.211330975E+01  9.211330975E+01                  732411108P7
 -1.751639832E+01  1.696869376E+02  6.003475312E+01                  732411108P8
              241                2  8.300000000E+01                P 732412083P1
 -1.725707470E+01  1.691809530E+02  6.003672170E+01  4.294693113E+00 732412083P2
 -1.725707470E+01  1.691809530E+02  6.003672170E+01                  732412083P3
  7.324387285E+00  0.000000000E+00  1.384189209E+02  3.469053482E+01 732412083P4
 -8.700000000E+01  3.159274000E+01  2.910788000E+01  9.371235205E+02 732412083P5
 -7.649771186E+00  2.967995582E+03  7.939684652E+01  0.000000000E+00 732412083P6
  9.027623696E+01  9.027623696E+01  9.027623696E+01                  732412083P7
 -1.725707470E+01  1.691809530E+02  6.003672170E+01                  732412083P8
              241                2  9.000000000E+01                P 732412090P1
 -1.727589883E+01  1.691852173E+02  6.003866358E+01  4.250207989E+00 732412090P2
 -1.727589883E+01  1.691852173E+02  6.003866358E+01                  732412090P3
  7.134104700E+00  0.000000000E+00  1.384190871E+02  3.469054400E+01 732412090P4
 -8.700000000E+01  3.159274000E+01  2.910788000E+01  9.371235205E+02 732412090P5
 -8.049301216E+00  2.980860021E+03  7.862009319E+01  0.000000000E+00 732412090P6
  9.107918824E+01  9.107918824E+01  9.107918824E+01                  732412090P7
 -1.727589883E+01  1.691852173E+02  6.003866358E+01                  732412090P8
              241                2  9.900000000E+01                P 732412099P1
 -1.739824070E+01  1.694039844E+02  6.003756651E+01  4.182130440E+00 732412099P2
 -1.739824070E+01  1.694039844E+02  6.003756651E+01                  732412099P3
  7.524307877E+00  0.000000000E+00  1.384205633E+02  3.469177388E+01 732412099P4
 -8.700000000E+01  3.159274000E+01  2.910788000E+01  9.371235205E+02 732412099P5
 -8.905318434E+00  3.000018611E+03  7.740630687E+01  0.000000000E+00 732412099P6
  9.233336743E+01  9.233336743E+01  9.233336743E+01                  732412099P7
 -1.739824070E+01  1.694039844E+02  6.003756651E+01                  732412099P8
              241                2  1.080000000E+02                P 732412108P1
 -1.760282720E+01  1.698078044E+02  6.003565448E+01  4.114335049E+00 732412108P2
 -1.760282720E+01  1.698078044E+02  6.003565448E+01                  732412108P3
  8.506065302E+00  0.000000000E+00  1.384230960E+02  3.469405987E+01 732412108P4
 -8.700000000E+01  3.159274000E+01  2.910788000E+01  9.371235205E+02 732412108P5
 -9.770638266E+00  3.021404875E+03  7.615058040E+01  0.000000000E+00 732412108P6
  9.362977429E+01  9.362977429E+01  9.362977429E+01                  732412108P7
 -1.760282720E+01  1.698078044E+02  6.003565448E+01                  732412108P8
