              210                1  7.200000000E+01                P 732101072P1
 -1.894323974E+00  1.630919944E+02  6.000159490E+01  2.739820739E+00 732101072P2
 -1.894323974E+00  1.630919944E+02  6.000159490E+01                  732101072P3
  9.769717973E+00  0.000000000E+00  1.380198462E+02  3.048267004E+01 732101072P4
 -8.500000000E+01  1.449287000E+01  5.479113000E+01  9.356735205E+02 732101072P5
 -5.453247270E+00  2.985296947E+03  7.847238107E+01  0.000000000E+00 732101072P6
  8.981226909E+01  8.981226909E+01  8.981226909E+01                  732101072P7
 -1.894323974E+00  1.630919944E+02  6.000159490E+01                  732101072P8
              210                1  8.100000000E+01                P 732101081P1
 -1.869778933E+00  1.631279167E+02  6.000162744E+01  2.687626327E+00 732101081P2
 -1.869778933E+00  1.631279167E+02  6.000162744E+01                  732101081P3
  8.957433621E+00  0.000000000E+00  1.380204176E+02  3.048303472E+01 732101081P4
 -8.500000000E+01  1.449287000E+01  5.479113000E+01  9.356735205E+02 732101081P5
 -5.701596929E+00  3.004810895E+03  7.752940509E+01  0.000000000E+00 732101081P6
  9.077990290E+01  9.077990290E+01  9.077990290E+01                  732101081P7
 -1.869778933E+00  1.631279167E+02  6.000162744E+01                  732101081P8
              210                1  9.000000000E+01                P 732101090P1
 -1.847047682E+00  1.631961816E+02  6.000160602E+01  2.627636765E+00 732101090P2
 -1.847047682E+00  1.631961816E+02  6.000160602E+01                  732101090P3
  8.743868286E+00  0.000000000E+00  1.380212139E+02  3.048359704E+01 732101090P4
 -8.500000000E+01  1.449287000E+01  5.479113000E+01  9.356735205E+02 732101090P5
 -5.988661866E+00  3.028084776E+03  7.645404723E+01  0.000000000E+00 732101090P6
  9.188348062E+01  9.188348062E+01  9.188348062E+01                  732101090P7
 -1.847047682E+00  1.631961816E+02  6.000160602E+01                  732101090P8
              210                1  9.900000000E+01                P 732101099P1
 -1.828771124E+00  1.632885989E+02  6.000152715E+01  2.567792050E+00 732101099P2
 -1.828771124E+00  1.632885989E+02  6.000152715E+01                  732101099P3
  9.185122807E+00  0.000000000E+00  1.380221433E+02  3.048428955E+01 732101099P4
 -8.500000000E+01  1.449287000E+01  5.479113000E+01  9.356735205E+02 732101099P5
 -6.281743207E+00  3.052727292E+03  7.536920714E+01  0.000000000E+00 732101099P6
  9.299676884E+01  9.299676884E+01  9.299676884E+01                  732101099P7
 -1.828771124E+00  1.632885989E+02  6.000152715E+01                  732101099P8
              210                1  1.080000000E+02                P 732101108P1
 -1.816965908E+00  1.633936078E+02  6.000142947E+01  2.516106117E+00 732101108P2
 -1.816965908E+00  1.633936078E+02  6.000142947E+01                  732101108P3
  1.019172293E+01  0.000000000E+00  1.380230940E+02  3.048502791E+01 732101108P4
 -8.500000000E+01  1.449287000E+01  5.479113000E+01  9.356735205E+02 732101108P5
 -6.545179559E+00  3.075750518E+03  7.440196277E+01  0.000000000E+00 732101108P6
  9.398941972E+01  9.398941972E+01  9.398941972E+01                  732101108P7
 -1.816965908E+00  1.633936078E+02  6.000142947E+01                  732101108P8
              210                2  7.200000000E+01                P 732102072P1
 -1.864692309E+00  1.631978144E+02  6.000115021E+01  4.205136151E+00 732102072P2
 -1.864692309E+00  1.631978144E+02  6.000115021E+01                  732102072P3
  9.877703522E+00  0.000000000E+00  1.380210108E+02  3.048351307E+01 732102072P4
 -8.500000000E+01  1.449287000E+01  5.479113000E+01  9.356735205E+02 732102072P5
 -5.842098497E+00  3.016103645E+03  7.700118939E+01  0.000000000E+00 732102072P6
  9.132177367E+01  9.132177367E+01  9.132177367E+01                  732102072P7
 -1.864692309E+00  1.631978144E+02  6.000115021E+01                  732102072P8
              210                2  8.100000000E+01                P 732102081P1
 -1.841377365E+00  1.632354641E+02  6.000116311E+01  4.152530994E+00 732102081P2
 -1.841377365E+00  1.632354641E+02  6.000116311E+01                  732102081P3
  9.065034737E+00  0.000000000E+00  1.380215827E+02  3.048388041E+01 732102081P4
 -8.500000000E+01  1.449287000E+01  5.479113000E+01  9.356735205E+02 732102081P5
 -6.094036956E+00  3.036839088E+03  7.606257205E+01  0.000000000E+00 732102081P6
  9.228515343E+01  9.228515343E+01  9.228515343E+01                  732102081P7
 -1.841377365E+00  1.632354641E+02  6.000116311E+01                  732102081P8
              210                2  9.000000000E+01                P 732102090P1
 -1.819873778E+00  1.633051890E+02  5.999331302E+01  4.092197364E+00 732102090P2
 -1.819873778E+00  1.633051890E+02  5.999331302E+01                  732102090P3
  8.850971844E+00  0.000000000E+00  1.380223805E+02  3.048444346E+01 732102090P4
 -8.500000000E+01  1.449287000E+01  5.479113000E+01  9.356735205E+02 732102090P5
 -6.385033675E+00  3.061651283E+03  7.498917199E+01  0.000000000E+00 732102090P6
  9.338689358E+01  9.338689358E+01  9.338689358E+01                  732102090P7
 -1.819873778E+00  1.633051890E+02  5.999331302E+01                  732102090P8
              210                2  9.900000000E+01                P 732102099P1
 -1.802776331E+00  1.633991890E+02  6.000108884E+01  4.032036011E+00 732102099P2
 -1.802776331E+00  1.633991890E+02  6.000108884E+01                  732102099P3
  9.291862244E+00  0.000000000E+00  1.380233137E+02  3.048513784E+01 732102099P4
 -8.500000000E+01  1.449287000E+01  5.479113000E+01  9.356735205E+02 732102099P5
 -6.681609858E+00  3.088031363E+03  7.390306338E+01  0.000000000E+00 732102099P6
  9.450168775E+01  9.450168775E+01  9.450168775E+01                  732102099P7
 -1.802776331E+00  1.633991890E+02  6.000108884E+01                  732102099P8
              210                2  1.080000000E+02                P 732102108P1
 -1.791961513E+00  1.635052714E+02  6.000101895E+01  3.980122544E+00 732102108P2
 -1.791961513E+00  1.635052714E+02  6.000101895E+01                  732102108P3
  1.029824547E+01  0.000000000E+00  1.380242667E+02  3.048587640E+01 732102108P4
 -8.500000000E+01  1.449287000E+01  5.479113000E+01  9.356735205E+02 732102108P5
 -6.947873893E+00  3.112764162E+03  7.293228651E+01  0.000000000E+00 732102108P6
  9.549806959E+01  9.549806959E+01  9.549806959E+01                  732102108P7
 -1.791961513E+00  1.635052714E+02  6.000101895E+01                  732102108P8
