              188                1  7.200000000E+01                P 731881072P1
 -2.121587264E+01  1.666215930E+02  6.007429014E+01  2.941249356E+00 731881072P2
 -2.121587264E+01  1.666215930E+02  6.007429014E+01                  731881072P3
 -1.205935634E+01  0.000000000E+00  1.366552915E+02  5.092918297E+01 731881072P4
 -1.000000000E+02  2.478013000E+01  3.109457700E+02  9.383235205E+02 731881072P5
  1.824054444E+00  2.889283345E+03  7.718541251E+01  0.000000000E+00 731881072P6
  9.831547035E+01  9.831547035E+01  9.831547035E+01                  731881072P7
 -2.121587264E+01  1.666215930E+02  6.007429014E+01                  731881072P8
              188                2  7.200000000E+01                P 731882072P1
 -2.128566176E+01  1.667068853E+02  6.007559400E+01  4.411016686E+00 731882072P2
 -2.128566176E+01  1.667068853E+02  6.007559400E+01                  731882072P3
 -1.199251269E+01  0.000000000E+00  1.366559967E+02  5.092937810E+01 731882072P4
 -1.000000000E+02  2.478013000E+01  3.109457700E+02  9.383235205E+02 731882072P5
  1.631023173E+00  2.912152600E+03  7.567892847E+01  0.000000000E+00 731882072P6
  9.985285577E+01  9.985285577E+01  9.985285577E+01                  731882072P7
 -2.128566176E+01  1.667068853E+02  6.007559400E+01                  731882072P8
              188                1  8.100000000E+01                P 731881081P1
 -2.116904300E+01  1.661431333E+02  6.008592231E+01  2.912814706E+00 731881081P2
 -2.116904300E+01  1.661431333E+02  6.008592231E+01                  731881081P3
 -1.338148813E+01  0.000000000E+00  1.366529026E+02  5.092662949E+01 731881081P4
 -1.000000000E+02  2.478013000E+01  3.109457700E+02  9.383235205E+02 731881081P5
  1.761933109E+00  2.896352187E+03  7.669990868E+01  0.000000000E+00 731881081P6
  9.881368216E+01  9.881368216E+01  9.881368216E+01                  731881081P7
 -2.116904300E+01  1.661431333E+02  6.008592231E+01                  731881081P8
              188                2  8.100000000E+01                P 731882081P1
 -2.123793603E+01  1.662246012E+02  6.008760182E+01  4.382184945E+00 731882081P2
 -2.123793603E+01  1.662246012E+02  6.008760182E+01                  731882081P3
 -1.331973262E+01  0.000000000E+00  1.366535864E+02  5.092680531E+01 731882081P4
 -1.000000000E+02  2.478013000E+01  3.109457700E+02  9.383235205E+02 731882081P5
  1.568999917E+00  2.920067521E+03  7.519715410E+01  0.000000000E+00 731882081P6
  1.003469119E+02  1.003469119E+02  1.003469119E+02                  731882081P7
 -2.123793603E+01  1.662246012E+02  6.008760182E+01                  731882081P8
              188                1  9.000000000E+01                P 731881090P1
 -2.118284045E+01  1.659968029E+02  6.000059496E+01  2.861741779E+00 731881090P2
 -2.118284045E+01  1.659968029E+02  6.000059496E+01                  731881090P3
 -1.384894943E+01  0.000000000E+00  1.366523028E+02  5.092572605E+01 731881090P4
 -1.000000000E+02  2.478013000E+01  3.109457700E+02  9.383235205E+02 731881090P5
  1.646914085E+00  2.910162604E+03  7.580305199E+01  0.000000000E+00 731881090P6
  9.972985079E+01  9.972985079E+01  9.972985079E+01                  731881090P7
 -2.118284045E+01  1.659968029E+02  6.000059496E+01                  731881090P8
              188                2  9.000000000E+01                P 731882090P1
 -2.125196632E+01  1.660773219E+02  6.009773749E+01  4.330796164E+00 731882090P2
 -2.125196632E+01  1.660773219E+02  6.009773749E+01                  731882090P3
 -1.378990922E+01  0.000000000E+00  1.366529783E+02  5.092589586E+01 731882090P4
 -1.000000000E+02  2.478013000E+01  3.109457700E+02  9.383235205E+02 731882090P5
  1.453043042E+00  2.935594353E+03  7.430171585E+01  0.000000000E+00 731882090P6
  1.012610044E+02  1.012610044E+02  1.012610044E+02                  731882090P7
 -2.125196632E+01  1.660773219E+02  6.009773749E+01                  731882090P8
