              225                1  7.200000000E+01                P 722251072P1
  1.911289266E+01  1.751704854E+02  6.000340630E+01  2.890282015E+00 722251072P2
  1.911289266E+01  1.751704854E+02  6.000340630E+01                  722251072P3
  4.535153550E+00  0.000000000E+00  1.438872547E+02  3.048333495E+01 722251072P4
 -8.000000000E+01 -2.001000000E+01  9.850000000E+00  9.365846598E+02 722251072P5
  5.571897380E-01  2.840490422E+03  7.657258118E+01  0.000000000E+00 722251072P6
  8.813055697E+01  8.813055697E+01  8.813055697E+01                  722251072P7
  1.911289266E+01  1.751704854E+02  6.000340630E+01                  722251072P8
              225                2  7.200000000E+01                P 722252072P1
  1.909161736E+01  1.752542536E+02  6.000300665E+01  4.354822134E+00 722252072P2
  1.909161736E+01  1.752542536E+02  6.000300665E+01                  722252072P3
  4.608600591E+00  0.000000000E+00  1.438871979E+02  3.048319358E+01 722252072P4
 -8.000000000E+01 -2.001000000E+01  9.850000000E+00  9.365846598E+02 722252072P5
  7.349388276E-01  2.864974880E+03  7.509968117E+01  0.000000000E+00 722252072P6
  8.964297479E+01  8.964297479E+01  8.964297479E+01                  722252072P7
  1.909161736E+01  1.752542536E+02  6.000300665E+01                  722252072P8
              225                1  8.100000000E+01                P 722251081P1
  1.919717312E+01  1.755204184E+02  5.998756944E+01  2.853150020E+00 722251081P2
  1.919717312E+01  1.755204184E+02  5.998756944E+01                  722251081P3
  3.769582028E+00  0.000000000E+00  1.438889285E+02  3.048497035E+01 722251081P4
 -8.000000000E+01 -2.001000000E+01  9.850000000E+00  9.365846598E+02 722251081P5
  6.343574908E-01  2.851006595E+03  7.592113760E+01  0.000000000E+00 722251081P6
  8.879792673E+01  8.879792673E+01  8.879792673E+01                  722251081P7
  1.919717312E+01  1.755204184E+02  5.998756944E+01                  722251081P8
              225                2  8.100000000E+01                P 722252081P1
  1.917531989E+01  1.756056575E+02  5.999663259E+01  4.317360527E+00 722252081P2
  1.917531989E+01  1.756056575E+02  5.999663259E+01                  722252081P3
  3.836638054E+00  0.000000000E+00  1.438888750E+02  3.048483797E+01 722252081P4
 -8.000000000E+01 -2.001000000E+01  9.850000000E+00  9.365846598E+02 722252081P5
  8.167953371E-01  2.876542362E+03  7.445315076E+01  0.000000000E+00 722252081P6
  9.030477774E+01  9.030477774E+01  9.030477774E+01                  722252081P7
  1.917531989E+01  1.756056575E+02  5.999663259E+01                  722252081P8
              225                1  9.000000000E+01                P 722251090P1
  1.921528789E+01  1.756848209E+02  5.998472418E+01  2.798663242E+00 722251090P2
  1.921528789E+01  1.756848209E+02  5.998472418E+01                  722251090P3
  3.528859024E+00  0.000000000E+00  1.438894839E+02  3.048547245E+01 722251090P4
 -8.000000000E+01 -2.001000000E+01  9.850000000E+00  9.365846598E+02 722251090P5
  7.524362424E-01  2.867435175E+03  7.495974180E+01  0.000000000E+00 722251090P6
  8.978432313E+01  8.978432313E+01  8.978432313E+01                  722251090P7
  1.921528789E+01  1.756848209E+02  5.998472418E+01                  722251090P8
              225                2  9.000000000E+01                P 722252090P1
  1.919282290E+01  1.757702003E+02  6.000031365E+01  4.262577065E+00 722252090P2
  1.919282290E+01  1.757702003E+02  6.000031365E+01                  722252090P3
  3.592328894E+00  0.000000000E+00  1.438894250E+02  3.048534161E+01 722252090P4
 -8.000000000E+01 -2.001000000E+01  9.850000000E+00  9.365846598E+02 722252090P5
  9.429717263E-01  2.894678344E+03  7.349353216E+01  0.000000000E+00 722252090P6
  9.128860284E+01  9.128860284E+01  9.128860284E+01                  722252090P7
  1.919282290E+01  1.757702003E+02  6.000031365E+01                  722252090P8
              225                1  9.900000000E+01                P 722251099P1
  1.915636419E+01  1.756210917E+02  5.998814165E+01  2.730328761E+00 722251099P2
  1.915636419E+01  1.756210917E+02  5.998814165E+01                  722251099P3
  3.934424780E+00  0.000000000E+00  1.438887021E+02  3.048463003E+01 722251099P4
 -8.000000000E+01 -2.001000000E+01  9.850000000E+00  9.365846598E+02 722251099P5
  9.109139997E-01  2.890037337E+03  7.373324984E+01  0.000000000E+00 722251099P6
  9.104347074E+01  9.104347074E+01  9.104347074E+01                  722251099P7
  1.915636419E+01  1.756210917E+02  5.998814165E+01                  722251099P8
              225                2  9.900000000E+01                P 722252099P1
  1.913228360E+01  1.757046796E+02  6.000174794E+01  4.193857284E+00 722252099P2
  1.913228360E+01  1.757046796E+02  6.000174794E+01                  722252099P3
  3.999447925E+00  0.000000000E+00  1.438886272E+02  3.048448787E+01 722252099P4
 -8.000000000E+01 -2.001000000E+01  9.850000000E+00  9.365846598E+02 722252099P5
  1.113227540E+00  2.919692822E+03  7.226336355E+01  0.000000000E+00 722252099P6
  9.255057715E+01  9.255057715E+01  9.255057715E+01                  722252099P7
  1.913228360E+01  1.757046796E+02  6.000174794E+01                  722252099P8
              225                1  1.080000000E+02                P 722251108P1
  1.903603938E+01  1.753581595E+02  5.999473163E+01  2.661608170E+00 722251108P2
  1.903603938E+01  1.753581595E+02  5.999473163E+01                  722251108P3
  4.842349707E+00  0.000000000E+00  1.438868174E+02  3.048268663E+01 722251108P4
 -8.000000000E+01 -2.001000000E+01  9.850000000E+00  9.365846598E+02 722251108P5
  1.085746903E+00  2.915620723E+03  7.245696315E+01  0.000000000E+00 722251108P6
  9.235396486E+01  9.235396486E+01  9.235396486E+01                  722251108P7
  1.903603938E+01  1.753581595E+02  5.999473163E+01                  722251108P8
              225                2  1.080000000E+02                P 722252108P1
  1.901022313E+01  1.754390360E+02  6.000437127E+01  4.124813746E+00 722252108P2
  1.901022313E+01  1.754390360E+02  6.000437127E+01                  722252108P3
  4.911374635E+00  0.000000000E+00  1.438867212E+02  3.048252749E+01 722252108P4
 -8.000000000E+01 -2.001000000E+01  9.850000000E+00  9.365846598E+02 722252108P5
  1.301543390E+00  2.948000208E+03  7.098076947E+01  0.000000000E+00 722252108P6
  9.386657648E+01  9.386657648E+01  9.386657648E+01                  722252108P7
  1.901022313E+01  1.754390360E+02  6.000437127E+01                  722252108P8
