              190                1  7.200000000E+01                P 731901072P1
 -2.471824047E+01  1.607318718E+02  6.000021196E+01  2.930931853E+00 731901072P2
 -2.471824047E+01  1.607318718E+02  6.000021196E+01                  731901072P3
 -1.196993722E+01  0.000000000E+00  1.405237282E+02  2.519156707E+01 731901072P4
 -1.030000000E+02  2.507603100E+01 -4.982799500E+01  9.380435205E+02 731901072P5
  3.298219902E+00  3.084959305E+03  6.719887449E+01  0.000000000E+00 731901072P6
  1.061088625E+02  1.061088625E+02  1.061088625E+02                  731901072P7
 -2.471824047E+01  1.607318718E+02  6.000021196E+01                  731901072P8
              190                2  7.200000000E+01                P 731902072P1
 -2.499717683E+01  1.624802925E+02  6.000061339E+01  4.394653825E+00 731902072P2
 -2.499717683E+01  1.624802925E+02  6.000061339E+01                  731902072P3
 -1.274190699E+01  0.000000000E+00  1.405325686E+02  2.520040579E+01 731902072P4
 -1.030000000E+02  2.507603100E+01 -4.982799500E+01  9.380435205E+02 731902072P5
  3.296562132E+00  3.085175590E+03  6.719018063E+01  0.000000000E+00 731902072P6
  1.061088553E+02  1.061088553E+02  1.061088553E+02                  731902072P7
 -2.499717683E+01  1.624802925E+02  6.000061339E+01                  731902072P8
              190                1  8.100000000E+01                P 731901081P1
 -2.470425557E+01  1.606476492E+02  6.000069120E+01  2.903945910E+00 731901081P2
 -2.470425557E+01  1.606476492E+02  6.000069120E+01                  731901081P3
 -1.359050021E+01  0.000000000E+00  1.405233013E+02  2.519114028E+01 731901081P4
 -1.030000000E+02  2.507603100E+01 -4.982799500E+01  9.380435205E+02 731901081P5
  3.298301405E+00  3.084948772E+03  6.719929757E+01  0.000000000E+00 731901081P6
  1.061088574E+02  1.061088574E+02  1.061088574E+02                  731901081P7
 -2.470425557E+01  1.606476492E+02  6.000069120E+01                  731901081P8
              190                2  8.100000000E+01                P 731902081P1
 -2.498846094E+01  1.624235381E+02  6.000069236E+01  4.367047233E+00 731902081P2
 -2.498846094E+01  1.624235381E+02  6.000069236E+01                  731902081P3
 -1.433440372E+01  0.000000000E+00  1.405322822E+02  2.520011949E+01 731902081P4
 -1.030000000E+02  2.507603100E+01 -4.982799500E+01  9.380435205E+02 731902081P5
  3.296619537E+00  3.085168764E+03  6.719045204E+01  0.000000000E+00 731902081P6
  1.061088647E+02  1.061088647E+02  1.061088647E+02                  731902081P7
 -2.498846094E+01  1.624235381E+02  6.000069236E+01                  731902081P8
              190                1  9.000000000E+01                P 731901090P1
 -2.483604010E+01  1.614539483E+02  6.000078344E+01  2.853703451E+00 731901090P2
 -2.483604010E+01  1.614539483E+02  6.000078344E+01                  731901090P3
 -1.456386825E+01  0.000000000E+00  1.405273840E+02  2.519522217E+01 731901090P4
 -1.030000000E+02  2.507603100E+01 -4.982799500E+01  9.380435205E+02 731901090P5
  3.297539896E+00  3.085048661E+03  6.719527917E+01  0.000000000E+00 731901090P6
  1.061088571E+02  1.061088571E+02  1.061088571E+02                  731901090P7
 -2.483604010E+01  1.614539483E+02  6.000078344E+01                  731901090P8
              190                2  9.000000000E+01                P 731902090P1
 -2.511535170E+01  1.632647844E+02  6.000080145E+01  4.316404213E+00 731902090P2
 -2.511535170E+01  1.632647844E+02  6.000080145E+01                  731902090P3
 -1.528326819E+01  0.000000000E+00  1.405365225E+02  2.520435898E+01 731902090P4
 -1.030000000E+02  2.507603100E+01 -4.982799500E+01  9.380435205E+02 731902090P5
  3.295819392E+00  3.085272527E+03  6.718628597E+01  0.000000000E+00 731902090P6
  1.061088558E+02  1.061088558E+02  1.061088558E+02                  731902090P7
 -2.511535170E+01  1.632647844E+02  6.000080145E+01                  731902090P8
              190                1  9.900000000E+01                P 731901099P1
 -2.513360282E+01  1.633885666E+02  6.000068476E+01  2.778242448E+00 731901099P2
 -2.513360282E+01  1.633885666E+02  6.000068476E+01                  731901099P3
 -1.458187146E+01  0.000000000E+00  1.405371457E+02  2.520498205E+01 731901099P4
 -1.030000000E+02  2.507603100E+01 -4.982799500E+01  9.380435205E+02 731901099P5
  3.295702316E+00  3.085287817E+03  6.718567170E+01  0.000000000E+00 731901099P6
  1.061088589E+02  1.061088589E+02  1.061088589E+02                  731901099P7
 -2.513360282E+01  1.633885666E+02  6.000068476E+01                  731901099P8
              190                2  9.900000000E+01                P 731902099P1
 -2.539388384E+01  1.652410337E+02  6.000067277E+01  4.240771708E+00 731902099P2
 -2.539388384E+01  1.652410337E+02  6.000067277E+01                  731902099P3
 -1.528807108E+01  0.000000000E+00  1.405464505E+02  2.521428513E+01 731902099P4
 -1.030000000E+02  2.507603100E+01 -4.982799500E+01  9.380435205E+02 731902099P5
  3.293956688E+00  3.085515974E+03  6.717650927E+01  0.000000000E+00 731902099P6
  1.061088631E+02  1.061088631E+02  1.061088631E+02                  731902099P7
 -2.539388384E+01  1.652410337E+02  6.000067277E+01                  731902099P8
              190                1  1.080000000E+02                P 731901108P1
 -2.547270748E+01  1.658386260E+02  6.000054223E+01  2.698779482E+00 731901108P2
 -2.547270748E+01  1.658386260E+02  6.000054223E+01                  731901108P3
 -1.390685933E+01  0.000000000E+00  1.405494439E+02  2.521727796E+01 731901108P4
 -1.030000000E+02  2.507603100E+01 -4.982799500E+01  9.380435205E+02 731901108P5
  3.293394940E+00  3.085589247E+03  6.717356883E+01  0.000000000E+00 731901108P6
  1.061088597E+02  1.061088597E+02  1.061088597E+02                  731901108P7
 -2.547270748E+01  1.658386260E+02  6.000054223E+01                  731901108P8
              190                2  1.080000000E+02                P 731902108P1
 -2.570522138E+01  1.677261676E+02  6.000053596E+01  4.161363493E+00 731902108P2
 -2.570522138E+01  1.677261676E+02  6.000053596E+01                  731902108P3
 -1.461148205E+01  0.000000000E+00  1.405588741E+02  2.522670635E+01 731902108P4
 -1.030000000E+02  2.507603100E+01 -4.982799500E+01  9.380435205E+02 731902108P5
  3.291630727E+00  3.085820594E+03  6.716428441E+01  0.000000000E+00 731902108P6
  1.061088643E+02  1.061088643E+02  1.061088643E+02                  731902108P7
 -2.570522138E+01  1.677261676E+02  6.000053596E+01                  731902108P8
