              190                1   0.00000000E+00   9.92546000E-01   731901001
  -5.34277987E-01   9.72359000E-01   1.54354476E+00   4.13896105E-01   731901002
   4.88580556E-01   9.92546000E-01  -5.30754533E-01   9.72544000E-01   731901003
   1.54370882E+00   4.17393745E-01   1.42051667E+00   9.92546000E-01   731901004
  -5.25290949E-01   9.72831000E-01   1.54579798E+00   4.19393893E-01   731901005
   2.84941667E+00   9.92546000E-01  -5.17383885E-01   9.73248000E-01   731901006
   1.54996931E+00   4.19687108E-01   4.40433333E+00   9.92546000E-01   731901007
  -5.08530649E-01   9.73714000E-01   1.55493477E+00   4.19613804E-01   731901008
   0.00000000E+00   0.00000000E+00   0.00000000E+00   0.00000000E+00   731901009
   0.00000000E+00   0.00000000E+00   0.00000000E+00   0.00000000E+00   731901010
   0.00000000E+00   0.00000000E+00   0.00000000E+00   0.00000000E+00   731901011
   0.00000000E+00   0.00000000E+00   0.00000000E+00   0.00000000E+00   731901012
   0.00000000E+00   0.00000000E+00   0.00000000E+00   0.00000000E+00   731901013
   0.00000000E+00   0.00000000E+00   0.00000000E+00   0.00000000E+00   731901014
   0.00000000E+00   0.00000000E+00   0.00000000E+00   0.00000000E+00   731901015
   0.00000000E+00   0.00000000E+00   0.00000000E+00   0.00000000E+00   731901016
   0.00000000E+00   0.00000000E+00   0.00000000E+00   0.00000000E+00   731901017
   0.00000000E+00   0.00000000E+00   0.00000000E+00   0.00000000E+00   731901018
   0.00000000E+00   0.00000000E+00   0.00000000E+00   0.00000000E+00   731901019
   0.00000000E+00   0.00000000E+00   0.00000000E+00   0.00000000E+00   731901020
   0.00000000E+00   0.00000000E+00   0.00000000E+00   0.00000000E+00   731901021
   0.00000000E+00   0.00000000E+00   0.00000000E+00   0.00000000E+00   731901022
   0.00000000E+00   0.00000000E+00   0.00000000E+00   0.00000000E+00   731901023
              190                2   0.00000000E+00   9.92546000E-01   731902024
  -5.25956774E-01   9.72791000E-01   1.54727452E+00   4.15831676E-01   731902025
   4.88580556E-01   9.92546000E-01  -5.22102000E-01   9.72993000E-01   731902026
   1.54760788E+00   4.18954070E-01   1.42051667E+00   9.92546000E-01   731902027
  -5.16112765E-01   9.73307000E-01   1.54983841E+00   4.20830299E-01   731902028
   2.84941667E+00   9.92546000E-01  -5.07431560E-01   9.73764000E-01   731902029
   1.55411796E+00   4.21373096E-01   4.40433333E+00   9.92546000E-01   731902030
  -4.97714982E-01   9.74274000E-01   1.55910611E+00   4.21844335E-01   731902031
   0.00000000E+00   0.00000000E+00   0.00000000E+00   0.00000000E+00   731902032
   0.00000000E+00   0.00000000E+00   0.00000000E+00   0.00000000E+00   731902033
   0.00000000E+00   0.00000000E+00   0.00000000E+00   0.00000000E+00   731902034
   0.00000000E+00   0.00000000E+00   0.00000000E+00   0.00000000E+00   731902035
   0.00000000E+00   0.00000000E+00   0.00000000E+00   0.00000000E+00   731902036
   0.00000000E+00   0.00000000E+00   0.00000000E+00   0.00000000E+00   731902037
   0.00000000E+00   0.00000000E+00   0.00000000E+00   0.00000000E+00   731902038
   0.00000000E+00   0.00000000E+00   0.00000000E+00   0.00000000E+00   731902039
   0.00000000E+00   0.00000000E+00   0.00000000E+00   0.00000000E+00   731902040
   0.00000000E+00   0.00000000E+00   0.00000000E+00   0.00000000E+00   731902041
   0.00000000E+00   0.00000000E+00   0.00000000E+00   0.00000000E+00   731902042
   0.00000000E+00   0.00000000E+00   0.00000000E+00   0.00000000E+00   731902043
   0.00000000E+00   0.00000000E+00   0.00000000E+00   0.00000000E+00   731902044
   0.00000000E+00   0.00000000E+00   0.00000000E+00   0.00000000E+00   731902045
   0.00000000E+00   0.00000000E+00   0.00000000E+00   0.00000000E+00   731902046
              190                1   2.26426667E+00   1.01413054E+00   731901461
   2.21829603E-01   2.39111853E-01   1.02610478E+00   8.29169444E-02   731901462
   1.83499444E-01   1.38888889E-02   2.39239410E+00   1.48380120E+06   731901463
   1.94162428E-03   1.97388333E-01   0.00000000E+00   0.00000000E+00   731901464
              190                2   3.72861111E+00   9.94061002E-01   731902465
   2.11793959E-01   2.47496415E-01   1.02610000E+00   8.09888889E-02   731902466
   1.96295556E-01   2.77777778E-04   2.39239410E+00   1.48380120E+06   731902467
   1.94162428E-03   1.83777222E-01   0.00000000E+00   0.00000000E+00   731902468
              190   1.70811111E+01   1.79955663E+00   2.62516145E-01   731900541
   0.00000000E+00   0.00000000E+00   0.00000000E+00   0.00000000E+00   731900542
   7.75330556E-01   2.29983056E+00   4.40433333E+00   1.25732298E+00   731900543
   2.27034174E-01   1.07487149E-01  -1.14921030E-01  -2.54736040E-02   731900544
   0.00000000E+00   7.75330556E-01   1.46226826E+00   2.35104577E-01   731900545
   2.15570852E-01  -5.56691964E-01   3.16730135E-01   7.75330556E-01   731900546
   1.52450000E+00   1.66721355E+00   2.41829330E-01  -5.30536459E-02   731900547
   3.35244588E-02  -3.76479737E-03   2.29983056E+00   2.10448889E+00   731900548
