              210                1   0.00000000E+00   9.92546000E-01   732101001
  -5.46425303E-01   9.71731000E-01  -1.91930367E-01   8.27132476E-03   732101002
   1.01981111E+00   9.92546000E-01  -5.45383558E-01   9.71793000E-01   732101003
  -1.83648780E-01   1.35136830E-02   2.18335833E+00   9.92546000E-01   732101004
  -5.44437386E-01   9.71852000E-01  -1.73633732E-01   1.85853131E-02   732101005
   3.35647222E+00   9.92546000E-01  -5.43730147E-01   9.71897000E-01   732101006
  -1.63031904E-01   2.28676529E-02   4.40077778E+00   9.92546000E-01   732101007
  -5.43338298E-01   9.71923000E-01  -1.53108834E-01   2.59546168E-02   732101008
   0.00000000E+00   0.00000000E+00   0.00000000E+00   0.00000000E+00   732101009
   0.00000000E+00   0.00000000E+00   0.00000000E+00   0.00000000E+00   732101010
   0.00000000E+00   0.00000000E+00   0.00000000E+00   0.00000000E+00   732101011
   0.00000000E+00   0.00000000E+00   0.00000000E+00   0.00000000E+00   732101012
   0.00000000E+00   0.00000000E+00   0.00000000E+00   0.00000000E+00   732101013
   0.00000000E+00   0.00000000E+00   0.00000000E+00   0.00000000E+00   732101014
   0.00000000E+00   0.00000000E+00   0.00000000E+00   0.00000000E+00   732101015
   0.00000000E+00   0.00000000E+00   0.00000000E+00   0.00000000E+00   732101016
   0.00000000E+00   0.00000000E+00   0.00000000E+00   0.00000000E+00   732101017
   0.00000000E+00   0.00000000E+00   0.00000000E+00   0.00000000E+00   732101018
   0.00000000E+00   0.00000000E+00   0.00000000E+00   0.00000000E+00   732101019
   0.00000000E+00   0.00000000E+00   0.00000000E+00   0.00000000E+00   732101020
   0.00000000E+00   0.00000000E+00   0.00000000E+00   0.00000000E+00   732101021
   0.00000000E+00   0.00000000E+00   0.00000000E+00   0.00000000E+00   732101022
   0.00000000E+00   0.00000000E+00   0.00000000E+00   0.00000000E+00   732101023
              210                2   0.00000000E+00   9.92546000E-01   732102024
  -5.45874166E-01   9.71765000E-01  -1.77960752E-01   1.41265553E-02   732102025
   1.01981111E+00   9.92546000E-01  -5.44669947E-01   9.71834000E-01   732102026
  -1.69757879E-01   1.93974148E-02   2.18335833E+00   9.92546000E-01   732102027
  -5.43675989E-01   9.71894000E-01  -1.59786987E-01   2.44768465E-02   732102028
   3.35647222E+00   9.92546000E-01  -5.43038836E-01   9.71936000E-01   732102029
  -1.49190046E-01   2.87375443E-02   4.40077778E+00   9.92546000E-01   732102030
  -5.42838133E-01   9.71954000E-01  -1.39239750E-01   3.17880307E-02   732102031
   0.00000000E+00   0.00000000E+00   0.00000000E+00   0.00000000E+00   732102032
   0.00000000E+00   0.00000000E+00   0.00000000E+00   0.00000000E+00   732102033
   0.00000000E+00   0.00000000E+00   0.00000000E+00   0.00000000E+00   732102034
   0.00000000E+00   0.00000000E+00   0.00000000E+00   0.00000000E+00   732102035
   0.00000000E+00   0.00000000E+00   0.00000000E+00   0.00000000E+00   732102036
   0.00000000E+00   0.00000000E+00   0.00000000E+00   0.00000000E+00   732102037
   0.00000000E+00   0.00000000E+00   0.00000000E+00   0.00000000E+00   732102038
   0.00000000E+00   0.00000000E+00   0.00000000E+00   0.00000000E+00   732102039
   0.00000000E+00   0.00000000E+00   0.00000000E+00   0.00000000E+00   732102040
   0.00000000E+00   0.00000000E+00   0.00000000E+00   0.00000000E+00   732102041
   0.00000000E+00   0.00000000E+00   0.00000000E+00   0.00000000E+00   732102042
   0.00000000E+00   0.00000000E+00   0.00000000E+00   0.00000000E+00   732102043
   0.00000000E+00   0.00000000E+00   0.00000000E+00   0.00000000E+00   732102044
   0.00000000E+00   0.00000000E+00   0.00000000E+00   0.00000000E+00   732102045
   0.00000000E+00   0.00000000E+00   0.00000000E+00   0.00000000E+00   732102046
              210                1   2.08147500E+00   1.01206756E+00   732101461
   2.20534568E-01   2.57064310E-01   1.02579416E+00   8.52127778E-02   732101462
   1.88425000E-01   1.38888889E-02   2.39239410E+00   1.48380120E+06   732101463
   1.94162428E-03   2.02313889E-01   0.00000000E+00   0.00000000E+00   732101464
              210                2   3.55188889E+00   9.61597878E-01   732102465
   1.95293617E-01   2.81680433E-01   1.02580850E+00   8.36008333E-02   732102466
   2.01190278E-01   2.77777778E-04   2.39239410E+00   1.48380120E+06   732102467
   1.94162428E-03   1.88702778E-01   0.00000000E+00   0.00000000E+00   732102468
              210   1.19733333E+01   8.02717066E-01   2.62516145E-01   732100541
   0.00000000E+00   0.00000000E+00   0.00000000E+00   0.00000000E+00   732100542
   1.37782500E+00   2.90527778E+00   4.40077778E+00   1.25658994E+00   732100543
   2.15323015E-01  -2.63738449E-02   6.84434357E-02  -5.37119841E-02   732100544
   0.00000000E+00   1.37782500E+00   1.46206581E+00   2.05393837E-01   732100545
   5.47104870E-03  -1.06569281E-02   5.21013943E-03   1.37782500E+00   732100546
   1.52744722E+00   1.66773889E+00   1.90310702E-01   3.63229197E-02   732100547
   1.46842928E-02  -2.58460573E-02   2.90527778E+00   1.49551389E+00   732100548
