              156                1   0.00000000E+00   9.92546000E-01   731561001
  -4.53531631E-01   9.76534000E-01  -1.38177542E-01   3.23100587E-02   731561002
   1.05916944E+00   9.92546000E-01  -4.41610505E-01   9.77153000E-01   731561003
  -1.34226466E-01   3.06387314E-02   2.23853611E+00   9.92546000E-01   731561004
  -4.28657192E-01   9.77823000E-01  -1.29417909E-01   2.88267306E-02   731561005
   4.34011111E+00   9.92546000E-01  -4.00071338E-01   9.79299000E-01   731561006
  -1.23325838E-01   2.06072770E-02   0.00000000E+00   0.00000000E+00   731561007
   0.00000000E+00   0.00000000E+00   0.00000000E+00   0.00000000E+00   731561008
   0.00000000E+00   0.00000000E+00   0.00000000E+00   0.00000000E+00   731561009
   0.00000000E+00   0.00000000E+00   0.00000000E+00   0.00000000E+00   731561010
   0.00000000E+00   0.00000000E+00   0.00000000E+00   0.00000000E+00   731561011
   0.00000000E+00   0.00000000E+00   0.00000000E+00   0.00000000E+00   731561012
   0.00000000E+00   0.00000000E+00   0.00000000E+00   0.00000000E+00   731561013
   0.00000000E+00   0.00000000E+00   0.00000000E+00   0.00000000E+00   731561014
   0.00000000E+00   0.00000000E+00   0.00000000E+00   0.00000000E+00   731561015
   0.00000000E+00   0.00000000E+00   0.00000000E+00   0.00000000E+00   731561016
   0.00000000E+00   0.00000000E+00   0.00000000E+00   0.00000000E+00   731561017
   0.00000000E+00   0.00000000E+00   0.00000000E+00   0.00000000E+00   731561018
   0.00000000E+00   0.00000000E+00   0.00000000E+00   0.00000000E+00   731561019
   0.00000000E+00   0.00000000E+00   0.00000000E+00   0.00000000E+00   731561020
   0.00000000E+00   0.00000000E+00   0.00000000E+00   0.00000000E+00   731561021
   0.00000000E+00   0.00000000E+00   0.00000000E+00   0.00000000E+00   731561022
   0.00000000E+00   0.00000000E+00   0.00000000E+00   0.00000000E+00   731561023
              156                2   0.00000000E+00   9.92546000E-01   731562024
  -4.35433310E-01   9.77472000E-01  -1.33579821E-01   2.76585817E-02   731562025
   1.05916944E+00   9.92546000E-01  -4.22250622E-01   9.78156000E-01   731562026
  -1.29277410E-01   2.61698159E-02   2.23853611E+00   9.92546000E-01   731562027
  -4.06595781E-01   9.78965000E-01  -1.24689812E-01   2.37366524E-02   731562028
   4.34011111E+00   9.92546000E-01  -3.74948409E-01   9.80599000E-01   731562029
  -1.18545730E-01   1.46162773E-02   0.00000000E+00   0.00000000E+00   731562030
   0.00000000E+00   0.00000000E+00   0.00000000E+00   0.00000000E+00   731562031
   0.00000000E+00   0.00000000E+00   0.00000000E+00   0.00000000E+00   731562032
   0.00000000E+00   0.00000000E+00   0.00000000E+00   0.00000000E+00   731562033
   0.00000000E+00   0.00000000E+00   0.00000000E+00   0.00000000E+00   731562034
   0.00000000E+00   0.00000000E+00   0.00000000E+00   0.00000000E+00   731562035
   0.00000000E+00   0.00000000E+00   0.00000000E+00   0.00000000E+00   731562036
   0.00000000E+00   0.00000000E+00   0.00000000E+00   0.00000000E+00   731562037
   0.00000000E+00   0.00000000E+00   0.00000000E+00   0.00000000E+00   731562038
   0.00000000E+00   0.00000000E+00   0.00000000E+00   0.00000000E+00   731562039
   0.00000000E+00   0.00000000E+00   0.00000000E+00   0.00000000E+00   731562040
   0.00000000E+00   0.00000000E+00   0.00000000E+00   0.00000000E+00   731562041
   0.00000000E+00   0.00000000E+00   0.00000000E+00   0.00000000E+00   731562042
   0.00000000E+00   0.00000000E+00   0.00000000E+00   0.00000000E+00   731562043
   0.00000000E+00   0.00000000E+00   0.00000000E+00   0.00000000E+00   731562044
   0.00000000E+00   0.00000000E+00   0.00000000E+00   0.00000000E+00   731562045
   0.00000000E+00   0.00000000E+00   0.00000000E+00   0.00000000E+00   731562046
              156                1   2.78833333E+00   1.01487580E+00   731561461
   2.22241500E-01   2.54858213E-01   1.02591841E+00   8.53080556E-02   731561462
   1.88008333E-01   1.38888889E-02   2.39239410E+00   1.48380120E+06   731561463
   1.94162428E-03   2.01897222E-01   0.00000000E+00   0.00000000E+00   731561464
              156                2   4.25322222E+00   9.92875924E-01   731562465
   2.11240690E-01   2.64639038E-01   1.02592319E+00   8.34516667E-02   731562466
   2.00846111E-01   2.77777778E-04   2.39239410E+00   1.48380120E+06   731562467
   1.94162428E-03   1.88286111E-01   0.00000000E+00   0.00000000E+00   731562468
              156   4.00608333E+00  -2.21796441E+00   2.62516145E-01   731560541
   0.00000000E+00   0.00000000E+00   0.00000000E+00   0.00000000E+00   731560542
   1.42205000E+00   2.88516667E+00   4.34011111E+00   1.25659343E+00   731560543
   2.13661462E-01  -2.28648604E-02   5.81349975E-02  -4.48804436E-02   731560544
   0.00000000E+00   1.42205000E+00   1.46179179E+00   2.06458488E-01   731560545
  -7.37466186E-02   1.35684689E-01  -6.27030478E-02   1.42205000E+00   731560546
   1.46311944E+00   1.66746139E+00   2.17494205E-01  -4.50811564E-12   731560547
   3.11124138E-12  -9.01624874E-12   2.88516667E+00   1.45492778E+00   731560548
