              156                1  7.200000000E+01                A 731561072A1
 -2.009949502E+01  1.662397756E+02  6.003648071E+01  3.452803828E+00 731561072A2
 -2.009949502E+01  1.662397756E+02  6.003648071E+01                  731561072A3
  4.356178371E+00  0.000000000E+00  1.521933549E+02  2.688471827E+01 731561072A4
 -1.160000000E+02  4.036068000E+01  3.983710000E+00  9.369747084E+02 731561072A5
 -4.003072599E+00  2.939047967E+03  8.030233411E+01  0.000000000E+00 731561072A6
  7.755810674E+01  7.755810674E+01  7.755810674E+01                  731561072A7
 -2.009949502E+01  1.662397756E+02  6.003648071E+01                  731561072A8
              156                1  8.100000000E+01                A 731561081A1
 -2.094433412E+01  1.674681609E+02  6.005420881E+01  3.396614874E+00 731561081A2
 -2.094433412E+01  1.674681609E+02  6.005420881E+01                  731561081A3
  3.622672452E+00  0.000000000E+00  1.522011827E+02  2.689254295E+01 731561081A4
 -1.160000000E+02  4.036068000E+01  3.983710000E+00  9.369747084E+02 731561081A5
 -4.007074417E+00  2.939303382E+03  8.029172088E+01  0.000000000E+00 731561081A6
  7.756115221E+01  7.756115221E+01  7.756115221E+01                  731561081A7
 -2.094433412E+01  1.674681609E+02  6.005420881E+01                  731561081A8
              156                1  9.000000000E+01                A 731561090A1
 -2.176539991E+01  1.686902569E+02  6.000665074E+01  3.333289274E+00 731561090A2
 -2.176539991E+01  1.686902569E+02  6.000665074E+01                  731561090A3
  2.860186823E+00  0.000000000E+00  1.522089067E+02  2.690025670E+01 731561090A4
 -1.160000000E+02  4.036068000E+01  3.983710000E+00  9.369747084E+02 731561090A5
 -4.052658310E+00  2.942221391E+03  8.017093674E+01  0.000000000E+00 731561090A6
  7.767725292E+01  7.767725292E+01  7.767725292E+01                  731561090A7
 -2.176539991E+01  1.686902569E+02  6.000665074E+01                  731561090A8
              156                1  1.080000000E+02                A 731561108A1
 -2.326182672E+01  1.709849741E+02  6.001680198E+01  3.222972420E+00 731561108A2
 -2.326182672E+01  1.709849741E+02  6.001680198E+01                  731561108A3
  1.282850252E+00  0.000000000E+00  1.522231301E+02  2.691447847E+01 731561108A4
 -1.160000000E+02  4.036068000E+01  3.983710000E+00  9.369747084E+02 731561108A5
 -4.039088617E+00  2.942771964E+03  8.016525107E+01  0.000000000E+00 731561108A6
  7.766864826E+01  7.766864826E+01  7.766864826E+01                  731561108A7
 -2.326182672E+01  1.709849741E+02  6.001680198E+01                  731561108A8
              156                2  7.200000000E+01                A 731562072A1
 -2.128487153E+01  1.679703530E+02  6.004932186E+01  4.917131146E+00 731562072A2
 -2.128487153E+01  1.679703530E+02  6.004932186E+01                  731562072A3
  3.185467467E+00  0.000000000E+00  1.522043508E+02  2.689571484E+01 731562072A4
 -1.160000000E+02  4.036068000E+01  3.983710000E+00  9.369747084E+02 731562072A5
 -4.002141790E+00  2.938988570E+03  8.030480313E+01  0.000000000E+00 731562072A6
  7.754458107E+01  7.754458107E+01  7.754458107E+01                  731562072A7
 -2.128487153E+01  1.679703530E+02  6.004932186E+01                  731562072A8
              156                2  8.100000000E+01                A 731562081A1
 -2.213616980E+01  1.692462748E+02  6.000580238E+01  4.860372802E+00 731562081A2
 -2.213616980E+01  1.692462748E+02  6.000580238E+01                  731562081A3
  2.452529342E+00  0.000000000E+00  1.522123544E+02  2.690371535E+01 731562081A4
 -1.160000000E+02  4.036068000E+01  3.983710000E+00  9.369747084E+02 731562081A5
 -4.006022872E+00  2.939245701E+03  8.029420378E+01  0.000000000E+00 731562081A6
  7.754743532E+01  7.754743532E+01  7.754743532E+01                  731562081A7
 -2.213616980E+01  1.692462748E+02  6.000580238E+01                  731562081A8
              156                2  9.000000000E+01                A 731562090A1
 -2.303426592E+01  1.706267386E+02  6.000663148E+01  4.797019396E+00 731562090A2
 -2.303426592E+01  1.706267386E+02  6.000663148E+01                  731562090A3
  1.625791848E+00  0.000000000E+00  1.522209082E+02  2.691226400E+01 731562090A4
 -1.160000000E+02  4.036068000E+01  3.983710000E+00  9.369747084E+02 731562090A5
 -4.012579783E+00  2.939664110E+03  8.027682620E+01  0.000000000E+00 731562090A6
  7.755668443E+01  7.755668443E+01  7.755668443E+01                  731562090A7
 -2.303426592E+01  1.706267386E+02  6.000663148E+01                  731562090A8
              156                2  1.080000000E+02                A 731562108A1
 -2.451789882E+01  1.729909134E+02  6.001511480E+01  4.686597369E+00 731562108A2
 -2.451789882E+01  1.729909134E+02  6.001511480E+01                  731562108A3
  1.078023524E-01  0.000000000E+00  1.522352877E+02  2.692664199E+01 731562108A4
 -1.160000000E+02  4.036068000E+01  3.983710000E+00  9.369747084E+02 731562108A5
 -4.014599737E+00  2.939792370E+03  8.027149622E+01  0.000000000E+00 731562108A6
  7.754776377E+01  7.754776377E+01  7.754776377E+01                  731562108A7
 -2.451789882E+01  1.729909134E+02  6.001511480E+01                  731562108A8
