              343                1   0.00000000E+00   9.92546000E-01   723431001
  -4.28966211E-01   9.77803000E-01   2.48573283E+00   2.09806029E-01   723431002
   1.21505278E+00   9.92546000E-01  -4.13964451E-01   9.78580000E-01   723431003
   2.49039286E+00   2.08600007E-01   2.44968056E+00   9.92546000E-01   723431004
  -3.97433526E-01   9.79435000E-01   2.49505289E+00   2.06835479E-01   723431005
   3.51719444E+00   9.92546000E-01  -3.81973017E-01   9.80234000E-01   723431006
   2.49866572E+00   2.04088331E-01   4.32758333E+00   9.92546000E-01   723431007
  -3.69408366E-01   9.80883000E-01   2.50055067E+00   2.00253842E-01   723431008
   0.00000000E+00   0.00000000E+00   0.00000000E+00   0.00000000E+00   723431009
   0.00000000E+00   0.00000000E+00   0.00000000E+00   0.00000000E+00   723431010
   0.00000000E+00   0.00000000E+00   0.00000000E+00   0.00000000E+00   723431011
   0.00000000E+00   0.00000000E+00   0.00000000E+00   0.00000000E+00   723431012
   0.00000000E+00   0.00000000E+00   0.00000000E+00   0.00000000E+00   723431013
   0.00000000E+00   0.00000000E+00   0.00000000E+00   0.00000000E+00   723431014
   0.00000000E+00   0.00000000E+00   0.00000000E+00   0.00000000E+00   723431015
   0.00000000E+00   0.00000000E+00   0.00000000E+00   0.00000000E+00   723431016
   0.00000000E+00   0.00000000E+00   0.00000000E+00   0.00000000E+00   723431017
   0.00000000E+00   0.00000000E+00   0.00000000E+00   0.00000000E+00   723431018
   0.00000000E+00   0.00000000E+00   0.00000000E+00   0.00000000E+00   723431019
   0.00000000E+00   0.00000000E+00   0.00000000E+00   0.00000000E+00   723431020
   0.00000000E+00   0.00000000E+00   0.00000000E+00   0.00000000E+00   723431021
   0.00000000E+00   0.00000000E+00   0.00000000E+00   0.00000000E+00   723431022
   0.00000000E+00   0.00000000E+00   0.00000000E+00   0.00000000E+00   723431023
              343                2   0.00000000E+00   9.92546000E-01   723432024
  -4.09603142E-01   9.78806000E-01   2.49068956E+00   2.06378203E-01   723432025
   1.21505278E+00   9.92546000E-01  -3.93104074E-01   9.79661000E-01   723432026
   2.49576847E+00   2.05369402E-01   2.44968056E+00   9.92546000E-01   723432027
  -3.74961152E-01   9.80598000E-01   2.50069030E+00   2.03542043E-01   723432028
   3.51719444E+00   9.92546000E-01  -3.58028820E-01   9.81474000E-01   723432029
   2.50439040E+00   2.00431866E-01   4.32758333E+00   9.92546000E-01   723432030
  -3.44314109E-01   9.82183000E-01   2.50610082E+00   1.95990003E-01   723432031
   0.00000000E+00   0.00000000E+00   0.00000000E+00   0.00000000E+00   723432032
   0.00000000E+00   0.00000000E+00   0.00000000E+00   0.00000000E+00   723432033
   0.00000000E+00   0.00000000E+00   0.00000000E+00   0.00000000E+00   723432034
   0.00000000E+00   0.00000000E+00   0.00000000E+00   0.00000000E+00   723432035
   0.00000000E+00   0.00000000E+00   0.00000000E+00   0.00000000E+00   723432036
   0.00000000E+00   0.00000000E+00   0.00000000E+00   0.00000000E+00   723432037
   0.00000000E+00   0.00000000E+00   0.00000000E+00   0.00000000E+00   723432038
   0.00000000E+00   0.00000000E+00   0.00000000E+00   0.00000000E+00   723432039
   0.00000000E+00   0.00000000E+00   0.00000000E+00   0.00000000E+00   723432040
   0.00000000E+00   0.00000000E+00   0.00000000E+00   0.00000000E+00   723432041
   0.00000000E+00   0.00000000E+00   0.00000000E+00   0.00000000E+00   723432042
   0.00000000E+00   0.00000000E+00   0.00000000E+00   0.00000000E+00   723432043
   0.00000000E+00   0.00000000E+00   0.00000000E+00   0.00000000E+00   723432044
   0.00000000E+00   0.00000000E+00   0.00000000E+00   0.00000000E+00   723432045
   0.00000000E+00   0.00000000E+00   0.00000000E+00   0.00000000E+00   723432046
              343                1   2.70971111E+00   1.02191820E+00   723431461
   2.25864804E-01   2.49897988E-01   1.02604266E+00   8.55433333E-02   723431462
   1.88293889E-01   1.38888889E-02   2.39239410E+00   1.48380120E+06   723431463
   1.94162428E-03   2.02182778E-01   0.00000000E+00   0.00000000E+00   723431464
              343                2   4.17513889E+00   9.96619655E-01   723432465
   2.13212912E-01   2.61551551E-01   1.02605221E+00   8.37227778E-02   723432466
   2.01126944E-01   2.77777778E-04   2.39239410E+00   1.48380120E+06   723432467
   1.94162428E-03   1.88571667E-01   0.00000000E+00   0.00000000E+00   723432468
              343   2.88955556E+00   6.92928874E-01   2.62516145E-01   723430541
   0.00000000E+00   0.00000000E+00   0.00000000E+00   0.00000000E+00   723430542
   1.59493889E+00   3.10661111E+00   4.32758333E+00   1.25662659E+00   723430543
   2.06723778E-01  -4.09599105E-03   9.81086224E-03  -7.20105396E-03   723430544
   0.00000000E+00   1.59493889E+00   1.46172372E+00   2.06835479E-01   723430545
  -9.11625611E-02   1.65423354E-01  -7.52214218E-02   1.59493889E+00   723430546
   1.51166944E+00   1.66794484E+00   1.66268442E-01   1.58273787E-02   723430547
   1.44337682E-01  -1.14263215E-01   3.10661111E+00   1.22098056E+00   723430548
