              343                1  7.200000000E+01                A 723431072A1
 -2.869925345E+01  1.748482505E+02  6.001849673E+01  3.373735029E+00 723431072A2
 -2.869925345E+01  1.748482505E+02  6.001849673E+01                  723431072A3
  1.311162582E+01  0.000000000E+00  1.484016130E+02  2.483217089E+01 723431072A4
 -9.900000000E+01  4.417349400E+01  2.691893300E+01  9.375135205E+02 723431072A5
  2.626985043E-01  2.770123051E+03  8.308512267E+01  0.000000000E+00 723431072A6
  7.636271708E+01  7.636271708E+01  7.636271708E+01                  723431072A7
 -2.869925345E+01  1.748482505E+02  6.001849673E+01                  723431072A8
              343                1  8.100000000E+01                A 723431081A1
 -2.997942726E+01  1.763395634E+02  6.002670135E+01  3.309325077E+00 723431081A2
 -2.997942726E+01  1.763395634E+02  6.002670135E+01                  723431081A3
  1.235423800E+01  0.000000000E+00  1.484116214E+02  2.484218017E+01 723431081A4
 -9.900000000E+01  4.417349400E+01  2.691893300E+01  9.375135205E+02 723431081A5
  2.590723293E-01  2.770173023E+03  8.307537732E+01  0.000000000E+00 723431081A6
  7.636273740E+01  7.636273740E+01  7.636273740E+01                  723431081A7
 -2.997942726E+01  1.763395634E+02  6.002670135E+01                  723431081A8
              343                1  9.000000000E+01                A 723431090A1
 -3.109475431E+01  1.776872518E+02  6.003581265E+01  3.242943250E+00 723431090A2
 -3.109475431E+01  1.776872518E+02  6.003581265E+01                  723431090A3
  1.131064745E+01  0.000000000E+00  1.484204517E+02  2.485101126E+01 723431090A4
 -9.900000000E+01  4.417349400E+01  2.691893300E+01  9.375135205E+02 723431090A5
  2.559002047E-01  2.770217264E+03  8.306676709E+01  0.000000000E+00 723431090A6
  7.636276733E+01  7.636276733E+01  7.636276733E+01                  723431090A7
 -3.109475431E+01  1.776872518E+02  6.003581265E+01                  723431090A8
              343                1  9.900000000E+01                A 723431099A1
 -3.187623755E+01  1.786611488E+02  6.004100811E+01  3.186008536E+00 723431099A2
 -3.187623755E+01  1.786611488E+02  6.004100811E+01                  723431099A3
  1.013746734E+01  0.000000000E+00  1.484267075E+02  2.485726753E+01 723431099A4
 -9.900000000E+01  4.417349400E+01  2.691893300E+01  9.375135205E+02 723431099A5
  2.538207964E-01  2.770246791E+03  8.306102504E+01  0.000000000E+00 723431099A6
  7.636242012E+01  7.636242012E+01  7.636242012E+01                  723431099A7
 -3.187623755E+01  1.786611488E+02  6.004100811E+01                  723431099A8
              343                1  1.080000000E+02                A 723431108A1
 -3.228600707E+01  1.791825670E+02  6.003699572E+01  3.144190124E+00 723431108A2
 -3.228600707E+01  1.791825670E+02  6.003699572E+01                  723431108A3
  8.990043638E+00  0.000000000E+00  1.484300129E+02  2.486057324E+01 723431108A4
 -9.900000000E+01  4.417349400E+01  2.691893300E+01  9.375135205E+02 723431108A5
  2.525836921E-01  2.770264095E+03  8.305767119E+01  0.000000000E+00 723431108A6
  7.636256481E+01  7.636256481E+01  7.636256481E+01                  723431108A7
 -3.228600707E+01  1.791825670E+02  6.003699572E+01                  723431108A8
              343                2  7.200000000E+01                A 723432072A1
 -3.000453849E+01  1.763686720E+02  6.002462518E+01  4.837688630E+00 723432072A2
 -3.000453849E+01  1.763686720E+02  6.002462518E+01                  723432072A3
  1.162096273E+01  0.000000000E+00  1.484118034E+02  2.484236473E+01 723432072A4
 -9.900000000E+01  4.417349400E+01  2.691893300E+01  9.375135205E+02 723432072A5
  2.481388381E-01  2.770325668E+03  8.304577678E+01  0.000000000E+00 723432072A6
  7.639301510E+01  7.639301510E+01  7.639301510E+01                  723432072A7
 -3.000453849E+01  1.763686720E+02  6.002462518E+01                  723432072A8
              343                2  8.100000000E+01                A 723432081A1
 -3.126771949E+01  1.778997765E+02  6.003622725E+01  4.772667159E+00 723432081A2
 -3.126771949E+01  1.778997765E+02  6.003622725E+01                  723432081A3
  1.087907016E+01  0.000000000E+00  1.484218149E+02  2.485237719E+01 723432081A4
 -9.900000000E+01  4.417349400E+01  2.691893300E+01  9.375135205E+02 723432081A5
  2.443584930E-01  2.770378720E+03  8.303555584E+01  0.000000000E+00 723432081A6
  7.639352087E+01  7.639352087E+01  7.639352087E+01                  723432081A7
 -3.126771949E+01  1.778997765E+02  6.003622725E+01                  723432081A8
              343                2  9.000000000E+01                A 723432090A1
 -3.236634370E+01  1.792840053E+02  6.004791738E+01  4.705917058E+00 723432090A2
 -3.236634370E+01  1.792840053E+02  6.004791738E+01                  723432090A3
  9.866957440E+00  0.000000000E+00  1.484306437E+02  2.486120672E+01 723432090A4
 -9.900000000E+01  4.417349400E+01  2.691893300E+01  9.375135205E+02 723432090A5
  2.410686489E-01  2.770425094E+03  8.302664747E+01  0.000000000E+00 723432090A6
  7.639385869E+01  7.639385869E+01  7.639385869E+01                  723432090A7
 -3.236634370E+01  1.792840053E+02  6.004791738E+01                  723432090A8
              343                2  9.900000000E+01                A 723432099A1
 -3.313575852E+01 -1.797142942E+02  6.005273661E+01  4.648861792E+00 723432099A2
 -3.313575852E+01 -1.797142942E+02  6.005273661E+01                  723432099A3
  8.735396332E+00  0.000000000E+00  1.484369024E+02  2.486746598E+01 723432099A4
 -9.900000000E+01  4.417349400E+01  2.691893300E+01  9.375135205E+02 723432099A5
  2.388764562E-01  2.770456021E+03  8.302072131E+01  0.000000000E+00 723432099A6
  7.639369790E+01  7.639369790E+01  7.639369790E+01                  723432099A7
 -3.313575852E+01 -1.797142942E+02  6.005273661E+01                  723432099A8
              343                2  1.080000000E+02                A 723432108A1
 -3.353990789E+01 -1.791764546E+02  6.004989172E+01  4.607149087E+00 723432108A2
 -3.353990789E+01 -1.791764546E+02  6.004989172E+01                  723432108A3
  7.633533906E+00  0.000000000E+00  1.484402175E+02  2.487078142E+01 723432108A4
 -9.900000000E+01  4.417349400E+01  2.691893300E+01  9.375135205E+02 723432108A5
  2.376241324E-01  2.770473737E+03  8.301733122E+01  0.000000000E+00 723432108A6
  7.639387109E+01  7.639387109E+01  7.639387109E+01                  723432108A7
 -3.353990789E+01 -1.791764546E+02  6.004989172E+01                  723432108A8
