              241                1   0.00000000E+00   9.92546000E-01   732411001
  -4.82856582E-01   9.75020000E-01   5.96757742E-01   3.22631094E-01   732411002
   8.48591667E-01   9.92546000E-01  -4.82104742E-01   9.75063000E-01   732411003
   6.04259167E-01   3.24790066E-01   2.16790278E+00   9.92546000E-01   732411004
  -4.81684221E-01   9.75093000E-01   6.16083773E-01   3.28045105E-01   732411005
   3.52677778E+00   9.92546000E-01  -4.81875367E-01   9.75090000E-01   732411006
   6.28365655E-01   3.31345523E-01   3.52677778E+00   9.92546000E-01   732411007
  -4.81875367E-01   9.75090000E-01   6.28365655E-01   3.31345523E-01   732411008
   0.00000000E+00   0.00000000E+00   0.00000000E+00   0.00000000E+00   732411009
   0.00000000E+00   0.00000000E+00   0.00000000E+00   0.00000000E+00   732411010
   0.00000000E+00   0.00000000E+00   0.00000000E+00   0.00000000E+00   732411011
   0.00000000E+00   0.00000000E+00   0.00000000E+00   0.00000000E+00   732411012
   0.00000000E+00   0.00000000E+00   0.00000000E+00   0.00000000E+00   732411013
   0.00000000E+00   0.00000000E+00   0.00000000E+00   0.00000000E+00   732411014
   0.00000000E+00   0.00000000E+00   0.00000000E+00   0.00000000E+00   732411015
   0.00000000E+00   0.00000000E+00   0.00000000E+00   0.00000000E+00   732411016
   0.00000000E+00   0.00000000E+00   0.00000000E+00   0.00000000E+00   732411017
   0.00000000E+00   0.00000000E+00   0.00000000E+00   0.00000000E+00   732411018
   0.00000000E+00   0.00000000E+00   0.00000000E+00   0.00000000E+00   732411019
   0.00000000E+00   0.00000000E+00   0.00000000E+00   0.00000000E+00   732411020
   0.00000000E+00   0.00000000E+00   0.00000000E+00   0.00000000E+00   732411021
   0.00000000E+00   0.00000000E+00   0.00000000E+00   0.00000000E+00   732411022
   0.00000000E+00   0.00000000E+00   0.00000000E+00   0.00000000E+00   732411023
              241                2   0.00000000E+00   9.92546000E-01   732412024
  -4.82187572E-01   9.75057000E-01   6.10561551E-01   3.26509215E-01   732412025
   8.48591667E-01   9.92546000E-01  -4.81403874E-01   9.75102000E-01   732412026
   6.18064721E-01   3.28629790E-01   2.16790278E+00   9.92546000E-01   732412027
  -4.81056626E-01   9.75128000E-01   6.29894563E-01   3.31839451E-01   732412028
   3.52677778E+00   9.92546000E-01  -4.81464404E-01   9.75115000E-01   732412029
   6.42174700E-01   3.35108452E-01   3.52677778E+00   9.92546000E-01   732412030
  -4.81464404E-01   9.75115000E-01   6.42174700E-01   3.35108452E-01   732412031
   0.00000000E+00   0.00000000E+00   0.00000000E+00   0.00000000E+00   732412032
   0.00000000E+00   0.00000000E+00   0.00000000E+00   0.00000000E+00   732412033
   0.00000000E+00   0.00000000E+00   0.00000000E+00   0.00000000E+00   732412034
   0.00000000E+00   0.00000000E+00   0.00000000E+00   0.00000000E+00   732412035
   0.00000000E+00   0.00000000E+00   0.00000000E+00   0.00000000E+00   732412036
   0.00000000E+00   0.00000000E+00   0.00000000E+00   0.00000000E+00   732412037
   0.00000000E+00   0.00000000E+00   0.00000000E+00   0.00000000E+00   732412038
   0.00000000E+00   0.00000000E+00   0.00000000E+00   0.00000000E+00   732412039
   0.00000000E+00   0.00000000E+00   0.00000000E+00   0.00000000E+00   732412040
   0.00000000E+00   0.00000000E+00   0.00000000E+00   0.00000000E+00   732412041
   0.00000000E+00   0.00000000E+00   0.00000000E+00   0.00000000E+00   732412042
   0.00000000E+00   0.00000000E+00   0.00000000E+00   0.00000000E+00   732412043
   0.00000000E+00   0.00000000E+00   0.00000000E+00   0.00000000E+00   732412044
   0.00000000E+00   0.00000000E+00   0.00000000E+00   0.00000000E+00   732412045
   0.00000000E+00   0.00000000E+00   0.00000000E+00   0.00000000E+00   732412046
              241                1   2.21651667E+00   1.02265473E+00   732411461
   2.25852587E-01   2.49152732E-01   1.02583239E+00   8.54275000E-02   732411462
   1.88380833E-01   1.38888889E-02   2.39239410E+00   1.48380120E+06   732411463
   1.94162428E-03   2.02269722E-01   0.00000000E+00   0.00000000E+00   732411464
              241                2   3.68558333E+00   9.91847925E-01   732412465
   2.10451801E-01   2.63022864E-01   1.02583717E+00   8.35963889E-02   732412466
   2.01161389E-01   2.77777778E-04   2.39239410E+00   1.48380120E+06   732412467
   1.94162428E-03   1.88658611E-01   0.00000000E+00   0.00000000E+00   732412468
              241   1.18360278E+01   1.29994217E+00   2.62516145E-01   732410541
   0.00000000E+00   0.00000000E+00   0.00000000E+00   0.00000000E+00   732410542
   1.02055278E+00   2.22016667E+00   3.52677778E+00   1.44849936E+00   732410543
   1.52266887E-01  -3.56038441E-02   7.55556524E-02  -4.96334987E-02   732410544
   0.00000000E+00   1.02055278E+00   1.59127078E+00   1.42828321E-01   732410545
   5.52007500E-12  -9.48452058E-12   2.72232966E-12   1.02055278E+00   732410546
   1.19961111E+00   1.73391829E+00   1.51038175E-01  -1.50006162E-12   732410547
  -3.22234904E-12  -2.31755290E-12   2.22016667E+00   1.30660000E+00   732410548
